---
build/images/avatar-192.png: 2020-10-31 03:51:41.718707207 +08:00
build/images/avatar-opt.jpg: 2020-10-31 03:51:41.719534841 +08:00
build/images/avatar.jpg: 2020-10-31 03:51:41.719794570 +08:00
build/images/avatar-512.png: 2020-10-31 03:51:41.719220895 +08:00
