---
build/images/avatar-192.png: 2021-10-02 10:27:12.674614412 +08:00
build/images/avatar-opt.jpg: 2021-10-02 10:27:12.675738688 +08:00
build/images/avatar.jpg: 2021-10-02 10:27:12.676051486 +08:00
build/images/avatar-512.png: 2021-10-02 10:27:12.675271084 +08:00
