---
build/images/avatar-192.png: 2024-04-28 21:03:54.449946555 +08:00
build/images/avatar-opt.jpg: 2024-04-28 21:03:54.450237258 +08:00
build/images/avatar.jpg: 2024-04-28 21:03:54.450506252 +08:00
build/images/avatar-512.png: 2024-04-28 21:03:54.450101719 +08:00
