---
build/images/avatar-192.png: 2025-03-27 00:30:50.542753630 +08:00
build/images/avatar-opt.jpg: 2025-03-27 00:30:50.543019929 +08:00
build/images/avatar.jpg: 2025-03-27 00:30:50.543265853 +08:00
build/images/avatar-512.png: 2025-03-27 00:30:50.542893634 +08:00
