---
build/images/avatar-192.png: 2024-10-06 16:08:29.566965826 +08:00
build/images/avatar-opt.jpg: 2024-10-06 16:08:29.567241697 +08:00
build/images/avatar.jpg: 2024-10-06 16:08:29.567504276 +08:00
build/images/avatar-512.png: 2024-10-06 16:08:29.567111532 +08:00
