---
build/images/avatar-192.png: 2023-12-12 03:02:32.828992798 +08:00
build/images/avatar-opt.jpg: 2023-12-12 03:02:32.829336294 +08:00
build/images/avatar.jpg: 2023-12-12 03:02:32.829671373 +08:00
build/images/avatar-512.png: 2023-12-12 03:02:32.829163921 +08:00
