---
build/images/avatar-192.png: 2024-11-28 03:00:38.136303197 +08:00
build/images/avatar-opt.jpg: 2024-11-28 03:00:38.136592566 +08:00
build/images/avatar.jpg: 2024-11-28 03:00:38.136864644 +08:00
build/images/avatar-512.png: 2024-11-28 03:00:38.136456694 +08:00
