---
build/images/avatar-192.png: 2025-06-14 19:04:55.503467828 +08:00
build/images/avatar-opt.jpg: 2025-06-14 19:04:55.503745322 +08:00
build/images/avatar.jpg: 2025-06-14 19:04:55.504012608 +08:00
build/images/avatar-512.png: 2025-06-14 19:04:55.503609159 +08:00
