---
build/images/avatar-192.png: 2023-07-30 01:34:53.853113936 +08:00
build/images/avatar-opt.jpg: 2023-07-30 01:34:53.853416766 +08:00
build/images/avatar.jpg: 2023-07-30 01:34:53.853553765 +08:00
build/images/avatar-512.png: 2023-07-30 01:34:53.853270393 +08:00
