---
build/images/avatar-192.png: 2024-12-30 15:15:31.206467678 +08:00
build/images/avatar-opt.jpg: 2024-12-30 15:15:31.206722638 +08:00
build/images/avatar.jpg: 2024-12-30 15:15:31.206958724 +08:00
build/images/avatar-512.png: 2024-12-30 15:15:31.206598554 +08:00
