---
build/images/avatar-192.png: 2023-12-12 00:36:50.096191589 +08:00
build/images/avatar-opt.jpg: 2023-12-12 00:36:50.096513340 +08:00
build/images/avatar.jpg: 2023-12-12 00:36:50.096667549 +08:00
build/images/avatar-512.png: 2023-12-12 00:36:50.096361173 +08:00
