---
build/images/avatar-192.png: 2024-11-28 02:57:40.616653792 +08:00
build/images/avatar-opt.jpg: 2024-11-28 02:57:40.616921995 +08:00
build/images/avatar.jpg: 2024-11-28 02:57:40.617169282 +08:00
build/images/avatar-512.png: 2024-11-28 02:57:40.616789456 +08:00
