---
build/images/avatar-192.png: 2024-09-29 23:31:16.495546237 +08:00
build/images/avatar-opt.jpg: 2024-09-29 23:31:16.495859576 +08:00
build/images/avatar.jpg: 2024-09-29 23:31:16.496125831 +08:00
build/images/avatar-512.png: 2024-09-29 23:31:16.495716073 +08:00
