---
build/images/avatar-192.png: 2023-12-12 03:40:31.019256930 +08:00
build/images/avatar-opt.jpg: 2023-12-12 03:40:31.019587384 +08:00
build/images/avatar.jpg: 2023-12-12 03:40:31.019858380 +08:00
build/images/avatar-512.png: 2023-12-12 03:40:31.019429594 +08:00
