---
build/images/avatar-192.png: 2023-04-02 23:38:57.884842451 +08:00
build/images/avatar-opt.jpg: 2023-04-02 23:38:57.885179407 +08:00
build/images/avatar.jpg: 2023-04-02 23:38:57.885323240 +08:00
build/images/avatar-512.png: 2023-04-02 23:38:57.885028908 +08:00
