---
build/images/avatar-192.png: 2021-06-13 13:06:25.746753793 +08:00
build/images/avatar-opt.jpg: 2021-06-13 13:06:25.747520281 +08:00
build/images/avatar.jpg: 2021-06-13 13:06:25.748359393 +08:00
build/images/avatar-512.png: 2021-06-13 13:06:25.747204607 +08:00
