---
build/images/avatar-192.png: 2022-12-26 16:47:24.194950227 +08:00
build/images/avatar-opt.jpg: 2022-12-26 16:47:24.195305896 +08:00
build/images/avatar.jpg: 2022-12-26 16:47:24.195448980 +08:00
build/images/avatar-512.png: 2022-12-26 16:47:24.195163020 +08:00
