---
build/images/avatar-192.png: 2020-10-27 10:28:41.899354551 +08:00
build/images/avatar-opt.jpg: 2020-10-27 10:28:41.900065019 +08:00
build/images/avatar.jpg: 2020-10-27 10:28:41.900322613 +08:00
build/images/avatar-512.png: 2020-10-27 10:28:41.899758786 +08:00
