---
build/images/avatar-192.png: 2024-07-25 00:46:42.390896226 +08:00
build/images/avatar-opt.jpg: 2024-07-25 00:46:42.391179970 +08:00
build/images/avatar.jpg: 2024-07-25 00:46:42.391442257 +08:00
build/images/avatar-512.png: 2024-07-25 00:46:42.391043807 +08:00
