---
build/images/avatar-192.png: 2023-12-12 04:36:59.020122657 +08:00
build/images/avatar-opt.jpg: 2023-12-12 04:36:59.020405235 +08:00
build/images/avatar.jpg: 2023-12-12 04:36:59.020761686 +08:00
build/images/avatar-512.png: 2023-12-12 04:36:59.020268529 +08:00
