---
build/images/avatar-192.png: 2024-11-21 00:03:37.457226795 +08:00
build/images/avatar-opt.jpg: 2024-11-21 00:03:37.457515028 +08:00
build/images/avatar.jpg: 2024-11-21 00:03:37.457782054 +08:00
build/images/avatar-512.png: 2024-11-21 00:03:37.457379661 +08:00
