---
build/images/avatar-192.png: 2023-09-03 13:39:43.510750989 +08:00
build/images/avatar-opt.jpg: 2023-09-03 13:39:43.511097864 +08:00
build/images/avatar.jpg: 2023-09-03 13:39:43.511244821 +08:00
build/images/avatar-512.png: 2023-09-03 13:39:43.510956572 +08:00
