---
build/images/avatar-192.png: 2024-03-31 17:31:55.268980476 +08:00
build/images/avatar-opt.jpg: 2024-03-31 17:31:55.269255512 +08:00
build/images/avatar.jpg: 2024-03-31 17:31:55.269522256 +08:00
build/images/avatar-512.png: 2024-03-31 17:31:55.269122431 +08:00
