---
build/images/avatar-192.png: 2021-12-19 18:19:19.473471669 +08:00
build/images/avatar-opt.jpg: 2021-12-19 18:19:19.473796419 +08:00
build/images/avatar.jpg: 2021-12-19 18:19:19.473918544 +08:00
build/images/avatar-512.png: 2021-12-19 18:19:19.473669086 +08:00
