---
build/images/avatar-192.png: 2023-12-08 11:51:25.286347894 +08:00
build/images/avatar-opt.jpg: 2023-12-08 11:51:25.286670264 +08:00
build/images/avatar.jpg: 2023-12-08 11:51:25.286821637 +08:00
build/images/avatar-512.png: 2023-12-08 11:51:25.286506641 +08:00
