---
build/images/avatar-192.png: 2024-08-06 02:11:35.607228157 +08:00
build/images/avatar-opt.jpg: 2024-08-06 02:11:35.607478026 +08:00
build/images/avatar.jpg: 2024-08-06 02:11:35.607734770 +08:00
build/images/avatar-512.png: 2024-08-06 02:11:35.607358862 +08:00
