---
build/images/avatar-192.png: 2022-06-06 22:47:09.562866953 +08:00
build/images/avatar-opt.jpg: 2022-06-06 22:47:09.563152992 +08:00
build/images/avatar.jpg: 2022-06-06 22:47:09.563278199 +08:00
build/images/avatar-512.png: 2022-06-06 22:47:09.563025202 +08:00
