---
build/images/avatar-192.png: 2020-10-17 18:25:05.582035241 +08:00
build/images/avatar-opt.jpg: 2020-10-17 18:25:05.583131017 +08:00
build/images/avatar.jpg: 2020-10-17 18:25:05.583456920 +08:00
build/images/avatar-512.png: 2020-10-17 18:25:05.582760206 +08:00
