---
build/images/avatar-192.png: 2023-12-11 23:36:50.980675070 +08:00
build/images/avatar-opt.jpg: 2023-12-11 23:36:50.981007267 +08:00
build/images/avatar.jpg: 2023-12-11 23:36:50.981159137 +08:00
build/images/avatar-512.png: 2023-12-11 23:36:50.980857980 +08:00
