---
build/images/avatar-192.png: 2025-03-27 00:26:40.922471734 +08:00
build/images/avatar-opt.jpg: 2025-03-27 00:26:40.922744437 +08:00
build/images/avatar.jpg: 2025-03-27 00:26:40.922992390 +08:00
build/images/avatar-512.png: 2025-03-27 00:26:40.922616606 +08:00
