---
build/images/avatar-192.png: 2020-10-17 18:28:20.487386256 +08:00
build/images/avatar-opt.jpg: 2020-10-17 18:28:20.488312912 +08:00
build/images/avatar.jpg: 2020-10-17 18:28:20.488529866 +08:00
build/images/avatar-512.png: 2020-10-17 18:28:20.487994596 +08:00
