---
build/images/avatar-192.png: 2023-11-23 11:02:29.269186665 +08:00
build/images/avatar-opt.jpg: 2023-11-23 11:02:29.269429702 +08:00
build/images/avatar.jpg: 2023-11-23 11:02:29.269547284 +08:00
build/images/avatar-512.png: 2023-11-23 11:02:29.269312537 +08:00
