---
build/images/avatar-192.png: 2025-08-05 08:38:39.733661144 +08:00
build/images/avatar-opt.jpg: 2025-08-05 08:38:39.733978472 +08:00
build/images/avatar.jpg: 2025-08-05 08:38:39.734252177 +08:00
build/images/avatar-512.png: 2025-08-05 08:38:39.733838141 +08:00
