---
build/images/avatar-192.png: 2024-03-17 16:09:29.541738015 +08:00
build/images/avatar-opt.jpg: 2024-03-17 16:09:29.542182431 +08:00
build/images/avatar.jpg: 2024-03-17 16:09:29.542492889 +08:00
build/images/avatar-512.png: 2024-03-17 16:09:29.541992431 +08:00
