---
build/images/avatar-192.png: 2021-01-17 16:56:48.584056379 +08:00
build/images/avatar-opt.jpg: 2021-01-17 16:56:48.584496150 +08:00
build/images/avatar.jpg: 2021-01-17 16:56:48.584675389 +08:00
build/images/avatar-512.png: 2021-01-17 16:56:48.584319645 +08:00
