---
build/images/avatar-192.png: 2023-12-12 20:42:04.760149550 +08:00
build/images/avatar-opt.jpg: 2023-12-12 20:42:04.760464460 +08:00
build/images/avatar.jpg: 2023-12-12 20:42:04.760765203 +08:00
build/images/avatar-512.png: 2023-12-12 20:42:04.760312172 +08:00
