---
build/images/avatar-192.png: 2024-05-12 17:45:05.624581511 +08:00
build/images/avatar-opt.jpg: 2024-05-12 17:45:05.624872173 +08:00
build/images/avatar.jpg: 2024-05-12 17:45:05.625152627 +08:00
build/images/avatar-512.png: 2024-05-12 17:45:05.624735925 +08:00
