---
build/images/avatar-192.png: 2024-11-23 23:42:19.204564741 +08:00
build/images/avatar-opt.jpg: 2024-11-23 23:42:19.204844439 +08:00
build/images/avatar.jpg: 2024-11-23 23:42:19.205107721 +08:00
build/images/avatar-512.png: 2024-11-23 23:42:19.204715485 +08:00
