---
build/images/avatar-192.png: 2024-03-17 17:35:38.634713865 +08:00
build/images/avatar-opt.jpg: 2024-03-17 17:35:38.634996735 +08:00
build/images/avatar.jpg: 2024-03-17 17:35:38.635309688 +08:00
build/images/avatar-512.png: 2024-03-17 17:35:38.634862279 +08:00
