---
build/images/avatar-192.png: 2020-11-08 23:43:28.564073178 +08:00
build/images/avatar-opt.jpg: 2020-11-08 23:43:28.564525777 +08:00
build/images/avatar.jpg: 2020-11-08 23:43:28.564707287 +08:00
build/images/avatar-512.png: 2020-11-08 23:43:28.564344897 +08:00
