---
build/images/avatar-192.png: 2024-10-06 16:10:51.752227404 +08:00
build/images/avatar-opt.jpg: 2024-10-06 16:10:51.752504858 +08:00
build/images/avatar.jpg: 2024-10-06 16:10:51.752772979 +08:00
build/images/avatar-512.png: 2024-10-06 16:10:51.752372443 +08:00
