---
build/images/avatar-192.png: 2022-10-14 02:01:01.432245695 +08:00
build/images/avatar-opt.jpg: 2022-10-14 02:01:01.432568363 +08:00
build/images/avatar.jpg: 2022-10-14 02:01:01.432701947 +08:00
build/images/avatar-512.png: 2022-10-14 02:01:01.432435113 +08:00
