---
build/images/avatar-192.png: 2024-04-28 21:50:11.244642565 +08:00
build/images/avatar-opt.jpg: 2024-04-28 21:50:11.244963810 +08:00
build/images/avatar.jpg: 2024-04-28 21:50:11.245313055 +08:00
build/images/avatar-512.png: 2024-04-28 21:50:11.244813812 +08:00
