---
build/images/avatar-192.png: 2023-12-12 00:09:43.357997397 +08:00
build/images/avatar-opt.jpg: 2023-12-12 00:09:43.358314351 +08:00
build/images/avatar.jpg: 2023-12-12 00:09:43.358459140 +08:00
build/images/avatar-512.png: 2023-12-12 00:09:43.358154062 +08:00
