---
build/images/avatar-192.png: 2021-11-27 05:07:49.405095953 +08:00
build/images/avatar-opt.jpg: 2021-11-27 05:07:49.406301957 +08:00
build/images/avatar.jpg: 2021-11-27 05:07:49.406897423 +08:00
build/images/avatar-512.png: 2021-11-27 05:07:49.405861658 +08:00
