---
build/images/avatar-192.png: 2023-09-30 15:23:52.201320010 +08:00
build/images/avatar-opt.jpg: 2023-09-30 15:23:52.201638046 +08:00
build/images/avatar.jpg: 2023-09-30 15:23:52.201786793 +08:00
build/images/avatar-512.png: 2023-09-30 15:23:52.201488715 +08:00
