---
build/images/avatar-192.png: 2023-12-11 23:18:30.099095594 +08:00
build/images/avatar-opt.jpg: 2023-12-11 23:18:30.099410542 +08:00
build/images/avatar.jpg: 2023-12-11 23:18:30.099564370 +08:00
build/images/avatar-512.png: 2023-12-11 23:18:30.099258839 +08:00
