---
build/images/avatar-192.png: 2019-08-16 21:44:16.000000000 +08:00
build/images/avatar-512.png: 2019-08-16 21:44:16.000000000 +08:00
build/images/avatar-opt.jpg: 2019-08-16 21:44:16.000000000 +08:00
build/images/avatar.jpg: 2019-08-16 21:44:16.000000000 +08:00
