---
build/images/avatar-192.png: 2023-12-12 20:44:44.425799923 +08:00
build/images/avatar-opt.jpg: 2023-12-12 20:44:44.426101667 +08:00
build/images/avatar.jpg: 2023-12-12 20:44:44.426386244 +08:00
build/images/avatar-512.png: 2023-12-12 20:44:44.425960836 +08:00
