---
build/images/avatar-192.png: 2020-09-13 17:35:01.000000000 +08:00
build/images/avatar-512.png: 2020-09-13 17:35:01.000000000 +08:00
build/images/avatar-opt.jpg: 2020-09-13 17:35:01.000000000 +08:00
build/images/avatar.jpg: 2020-09-13 17:35:01.000000000 +08:00
