---
build/images/avatar-192.png: 2024-07-07 16:04:28.594701152 +08:00
build/images/avatar-opt.jpg: 2024-07-07 16:04:28.594992731 +08:00
build/images/avatar.jpg: 2024-07-07 16:04:28.595293726 +08:00
build/images/avatar-512.png: 2024-07-07 16:04:28.594854483 +08:00
