---
build/images/avatar-192.png: 2021-06-24 23:32:51.183523569 +08:00
build/images/avatar-opt.jpg: 2021-06-24 23:32:51.184150743 +08:00
build/images/avatar.jpg: 2021-06-24 23:32:51.184341789 +08:00
build/images/avatar-512.png: 2021-06-24 23:32:51.183808714 +08:00
