---
build/images/avatar-192.png: 2024-11-17 18:26:18.936697052 +08:00
build/images/avatar-opt.jpg: 2024-11-17 18:26:18.936995921 +08:00
build/images/avatar.jpg: 2024-11-17 18:26:18.937265416 +08:00
build/images/avatar-512.png: 2024-11-17 18:26:18.936857257 +08:00
