---
build/images/avatar-192.png: 2022-11-28 12:50:22.340789659 +08:00
build/images/avatar-opt.jpg: 2022-11-28 12:50:22.341181991 +08:00
build/images/avatar.jpg: 2022-11-28 12:50:22.341329533 +08:00
build/images/avatar-512.png: 2022-11-28 12:50:22.341016075 +08:00
