---
build/images/avatar-192.png: 2019-07-25 23:00:29.000000000 +08:00
build/images/avatar-512.png: 2019-07-25 23:00:37.000000000 +08:00
build/images/avatar.jpg: 2019-07-25 23:00:20.000000000 +08:00
