---
build/images/avatar-192.png: 2022-01-30 21:28:19.950197369 +08:00
build/images/avatar-opt.jpg: 2022-01-30 21:28:19.950645997 +08:00
build/images/avatar.jpg: 2022-01-30 21:28:19.950842290 +08:00
build/images/avatar-512.png: 2022-01-30 21:28:19.950436787 +08:00
