---
build/images/avatar-192.png: 2021-08-12 12:21:33.295163052 +08:00
build/images/avatar-opt.jpg: 2021-08-12 12:21:33.296409600 +08:00
build/images/avatar.jpg: 2021-08-12 12:21:33.296682817 +08:00
build/images/avatar-512.png: 2021-08-12 12:21:33.295991281 +08:00
