---
build/images/avatar-192.png: 2023-11-28 20:33:30.444067257 +08:00
build/images/avatar-opt.jpg: 2023-11-28 20:33:30.444397628 +08:00
build/images/avatar.jpg: 2023-11-28 20:33:30.444544459 +08:00
build/images/avatar-512.png: 2023-11-28 20:33:30.444242005 +08:00
