---
build/images/avatar-192.png: 2023-12-12 15:14:27.194854271 +08:00
build/images/avatar-opt.jpg: 2023-12-12 15:14:27.195142975 +08:00
build/images/avatar.jpg: 2023-12-12 15:14:27.195409971 +08:00
build/images/avatar-512.png: 2023-12-12 15:14:27.195002893 +08:00
