---
build/images/avatar-192.png: 2020-10-16 16:20:14.652807246 +08:00
build/images/avatar-opt.jpg: 2020-10-16 16:20:14.653414713 +08:00
build/images/avatar.jpg: 2020-10-16 16:20:14.653613541 +08:00
build/images/avatar-512.png: 2020-10-16 16:20:14.653145538 +08:00
