---
build/images/avatar-192.png: 2021-06-20 11:53:54.205228201 +08:00
build/images/avatar-opt.jpg: 2021-06-20 11:53:54.205918586 +08:00
build/images/avatar.jpg: 2021-06-20 11:53:54.206163272 +08:00
build/images/avatar-512.png: 2021-06-20 11:53:54.205632645 +08:00
