---
build/images/avatar-192.png: 2021-04-11 10:49:50.687654817 +08:00
build/images/avatar-opt.jpg: 2021-04-11 10:49:50.688276181 +08:00
build/images/avatar.jpg: 2021-04-11 10:49:50.688473337 +08:00
build/images/avatar-512.png: 2021-04-11 10:49:50.687980665 +08:00
