---
build/images/avatar-192.png: 2025-02-16 17:03:05.364145270 +08:00
build/images/avatar-opt.jpg: 2025-02-16 17:03:05.364418885 +08:00
build/images/avatar.jpg: 2025-02-16 17:03:05.364680876 +08:00
build/images/avatar-512.png: 2025-02-16 17:03:05.364284723 +08:00
