---
build/images/avatar-192.png: 2022-05-18 22:32:33.391359209 +08:00
build/images/avatar-opt.jpg: 2022-05-18 22:32:33.391686750 +08:00
build/images/avatar.jpg: 2022-05-18 22:32:33.391838417 +08:00
build/images/avatar-512.png: 2022-05-18 22:32:33.391534750 +08:00
