---
build/images/avatar-192.png: 2023-12-11 23:15:33.679576189 +08:00
build/images/avatar-opt.jpg: 2023-12-11 23:15:33.679878346 +08:00
build/images/avatar.jpg: 2023-12-11 23:15:33.680022716 +08:00
build/images/avatar-512.png: 2023-12-11 23:15:33.679733018 +08:00
