---
build/images/avatar-192.png: 2023-12-12 01:24:52.527262210 +08:00
build/images/avatar-opt.jpg: 2023-12-12 01:24:52.527573453 +08:00
build/images/avatar.jpg: 2023-12-12 01:24:52.527868321 +08:00
build/images/avatar-512.png: 2023-12-12 01:24:52.527419456 +08:00
