---
build/images/avatar-192.png: 2023-12-12 02:15:23.979589108 +08:00
build/images/avatar-opt.jpg: 2023-12-12 02:15:23.979907856 +08:00
build/images/avatar.jpg: 2023-12-12 02:15:23.980188771 +08:00
build/images/avatar-512.png: 2023-12-12 02:15:23.979769565 +08:00
