---
build/images/avatar-192.png: 2025-02-16 17:02:23.484958928 +08:00
build/images/avatar-opt.jpg: 2025-02-16 17:02:23.485245251 +08:00
build/images/avatar.jpg: 2025-02-16 17:02:23.485535407 +08:00
build/images/avatar-512.png: 2025-02-16 17:02:23.485104339 +08:00
