---
build/images/avatar-192.png: 2024-10-09 03:26:07.135968853 +08:00
build/images/avatar-opt.jpg: 2024-10-09 03:26:07.136255304 +08:00
build/images/avatar.jpg: 2024-10-09 03:26:07.136534964 +08:00
build/images/avatar-512.png: 2024-10-09 03:26:07.136123391 +08:00
