---
build/images/avatar-192.png: 2021-12-19 18:20:25.928829278 +08:00
build/images/avatar-opt.jpg: 2021-12-19 18:20:25.929394445 +08:00
build/images/avatar.jpg: 2021-12-19 18:20:25.929549945 +08:00
build/images/avatar-512.png: 2021-12-19 18:20:25.929239445 +08:00
