---
build/images/avatar-192.png: 2025-03-27 00:18:55.096677999 +08:00
build/images/avatar-opt.jpg: 2025-03-27 00:18:55.096964660 +08:00
build/images/avatar.jpg: 2025-03-27 00:18:55.097236071 +08:00
build/images/avatar-512.png: 2025-03-27 00:18:55.096823621 +08:00
