---
build/images/avatar-192.png: 2021-09-25 15:00:30.620404766 +08:00
build/images/avatar-opt.jpg: 2021-09-25 15:00:30.624488376 +08:00
build/images/avatar.jpg: 2021-09-25 15:00:30.626176574 +08:00
build/images/avatar-512.png: 2021-09-25 15:00:30.622805631 +08:00
