---
build/images/avatar-192.png: 2024-06-10 00:30:13.249739247 +08:00
build/images/avatar-opt.jpg: 2024-06-10 00:30:13.250053391 +08:00
build/images/avatar.jpg: 2024-06-10 00:30:13.250348306 +08:00
build/images/avatar-512.png: 2024-06-10 00:30:13.249905350 +08:00
