---
build/images/avatar-192.png: 2022-01-30 20:52:55.084796787 +08:00
build/images/avatar-opt.jpg: 2022-01-30 20:52:55.085151328 +08:00
build/images/avatar.jpg: 2022-01-30 20:52:55.085314410 +08:00
build/images/avatar-512.png: 2022-01-30 20:52:55.084987161 +08:00
