---
build/images/avatar-192.png: 2020-11-30 12:15:34.485651923 +08:00
build/images/avatar-opt.jpg: 2020-11-30 12:15:34.486234897 +08:00
build/images/avatar.jpg: 2020-11-30 12:15:34.486473684 +08:00
build/images/avatar-512.png: 2020-11-30 12:15:34.485953627 +08:00
