---
build/images/avatar-192.png: 2020-11-30 12:27:40.204800334 +08:00
build/images/avatar-opt.jpg: 2020-11-30 12:27:40.205371142 +08:00
build/images/avatar.jpg: 2020-11-30 12:27:40.205607482 +08:00
build/images/avatar-512.png: 2020-11-30 12:27:40.205153601 +08:00
