---
build/images/avatar-192.png: 2024-04-07 15:06:05.468540417 +08:00
build/images/avatar-opt.jpg: 2024-04-07 15:06:05.468827289 +08:00
build/images/avatar.jpg: 2024-04-07 15:06:05.469114036 +08:00
build/images/avatar-512.png: 2024-04-07 15:06:05.468688790 +08:00
