---
build/images/avatar-192.png: 2023-11-12 18:23:59.642004537 +08:00
build/images/avatar-opt.jpg: 2023-11-12 18:23:59.642326198 +08:00
build/images/avatar.jpg: 2023-11-12 18:23:59.642471321 +08:00
build/images/avatar-512.png: 2023-11-12 18:23:59.642175534 +08:00
