---
build/images/avatar-192.png: 2021-01-24 22:58:24.305837249 +08:00
build/images/avatar-opt.jpg: 2021-01-24 22:58:24.306318645 +08:00
build/images/avatar.jpg: 2021-01-24 22:58:24.306496749 +08:00
build/images/avatar-512.png: 2021-01-24 22:58:24.306132402 +08:00
