---
build/images/avatar-192.png: 2025-05-04 20:09:47.718410744 +08:00
build/images/avatar-opt.jpg: 2025-05-04 20:09:47.718646947 +08:00
build/images/avatar.jpg: 2025-05-04 20:09:47.718868859 +08:00
build/images/avatar-512.png: 2025-05-04 20:09:47.718530866 +08:00
