---
build/images/avatar-192.png: 2025-02-16 16:37:36.465938341 +08:00
build/images/avatar-opt.jpg: 2025-02-16 16:37:36.466221803 +08:00
build/images/avatar.jpg: 2025-02-16 16:37:36.466502975 +08:00
build/images/avatar-512.png: 2025-02-16 16:37:36.466081488 +08:00
