---
build/images/avatar-192.png: 2025-11-23 21:44:15.396113280 +08:00
build/images/avatar-opt.jpg: 2025-11-23 21:44:15.396410905 +08:00
build/images/avatar.jpg: 2025-11-23 21:44:15.396693863 +08:00
build/images/avatar-512.png: 2025-11-23 21:44:15.396268530 +08:00
