---
build/images/avatar-192.png: 2022-08-07 14:10:41.972044123 +08:00
build/images/avatar-opt.jpg: 2022-08-07 14:10:41.972363415 +08:00
build/images/avatar.jpg: 2022-08-07 14:10:41.972494832 +08:00
build/images/avatar-512.png: 2022-08-07 14:10:41.972226623 +08:00
