---
build/images/avatar-192.png: 2023-11-23 11:00:00.359792269 +08:00
build/images/avatar-opt.jpg: 2023-11-23 11:00:00.360174263 +08:00
build/images/avatar.jpg: 2023-11-23 11:00:00.360354093 +08:00
build/images/avatar-512.png: 2023-11-23 11:00:00.359990641 +08:00
