---
build/images/avatar-192.png: 2022-11-22 22:35:45.945313100 +08:00
build/images/avatar-opt.jpg: 2022-11-22 22:35:45.945659559 +08:00
build/images/avatar.jpg: 2022-11-22 22:35:45.945799518 +08:00
build/images/avatar-512.png: 2022-11-22 22:35:45.945515892 +08:00
