---
build/images/avatar-192.png: 2024-12-30 15:23:54.537606430 +08:00
build/images/avatar-opt.jpg: 2024-12-30 15:23:54.538802440 +08:00
build/images/avatar.jpg: 2024-12-30 15:23:54.539437988 +08:00
build/images/avatar-512.png: 2024-12-30 15:23:54.538617314 +08:00
