---
build/images/avatar-192.png: 2025-02-16 16:30:11.149887604 +08:00
build/images/avatar-opt.jpg: 2025-02-16 16:30:11.150152974 +08:00
build/images/avatar.jpg: 2025-02-16 16:30:11.150533299 +08:00
build/images/avatar-512.png: 2025-02-16 16:30:11.150020435 +08:00
