---
build/images/avatar-192.png: 2025-11-05 00:39:39.490583585 +08:00
build/images/avatar-opt.jpg: 2025-11-05 00:39:39.490937084 +08:00
build/images/avatar.jpg: 2025-11-05 00:39:39.491226084 +08:00
build/images/avatar-512.png: 2025-11-05 00:39:39.490768168 +08:00
