---
build/images/avatar-192.png: 2024-10-06 16:06:45.068957987 +08:00
build/images/avatar-opt.jpg: 2024-10-06 16:06:45.069464314 +08:00
build/images/avatar.jpg: 2024-10-06 16:06:45.069760726 +08:00
build/images/avatar-512.png: 2024-10-06 16:06:45.069265941 +08:00
