---
build/images/avatar-192.png: 2023-09-03 13:42:06.952186757 +08:00
build/images/avatar-opt.jpg: 2023-09-03 13:42:06.952505297 +08:00
build/images/avatar.jpg: 2023-09-03 13:42:06.952646464 +08:00
build/images/avatar-512.png: 2023-09-03 13:42:06.952367423 +08:00
