---
build/images/avatar-192.png: 2023-12-12 04:26:57.957067969 +08:00
build/images/avatar-opt.jpg: 2023-12-12 04:26:57.957390795 +08:00
build/images/avatar.jpg: 2023-12-12 04:26:57.957670957 +08:00
build/images/avatar-512.png: 2023-12-12 04:26:57.957234757 +08:00
