---
build/images/avatar-192.png: 2024-09-29 23:30:14.189237551 +08:00
build/images/avatar-opt.jpg: 2024-09-29 23:30:14.189525306 +08:00
build/images/avatar.jpg: 2024-09-29 23:30:14.189823645 +08:00
build/images/avatar-512.png: 2024-09-29 23:30:14.189391429 +08:00
