---
build/images/avatar-192.png: 2024-04-28 21:17:18.027617928 +08:00
build/images/avatar-opt.jpg: 2024-04-28 21:17:18.027883340 +08:00
build/images/avatar.jpg: 2024-04-28 21:17:18.028150753 +08:00
build/images/avatar-512.png: 2024-04-28 21:17:18.027756717 +08:00
