---
build/images/avatar-192.png: 2023-12-12 01:08:52.684054835 +08:00
build/images/avatar-opt.jpg: 2023-12-12 01:08:52.684385744 +08:00
build/images/avatar.jpg: 2023-12-12 01:08:52.684542949 +08:00
build/images/avatar-512.png: 2023-12-12 01:08:52.684216998 +08:00
