---
build/images/avatar-192.png: 2023-12-12 04:14:31.015350738 +08:00
build/images/avatar-opt.jpg: 2023-12-12 04:14:31.015681273 +08:00
build/images/avatar.jpg: 2023-12-12 04:14:31.015978850 +08:00
build/images/avatar-512.png: 2023-12-12 04:14:31.015528526 +08:00
